2311001545519                                                                   
2311002345113                                                                   
2311003115108                                                                   
2311004414110                                                                   
2311005555520                                                                   
2311006000000                                                                   
2311007212106                                                                   
2311008424212                                                                   
2311009514515                                                                   
2311010000000                                                                   
2311011425415                                                                   
2311012000000                                                                   
2311013455115                                                                   
2311014114208                                                                   
2311015144211                                                                   
2311016000000                                                                   
2311017245112                                                                   
2311018000000                                                                   
2311019000000                                                                   
2311020244111                                                                   
2311021255517                                                                   
2311022444214                                                                   
2311023000000                                                                   
2311024000000                                                                   
2311025000000                                                                   
2311026544114                                                                   
