211100134200400001200001 111   1450411117934133115777711111123112445444114525522
211100237430000160000022 111   1280215717941124115777721299779221115744114524511
211100350430000170000074 111   4870715511224134131116642772224412224255134422412
211100446230000170000173 111   4101011117222224411566652512223122445444133424522
211100545430000160000051 111   2241211777442193531666610519223111224244224422211
211100651110900003500006 110   4350300000000000315777710000000000000000000000000
211100735430000140000011 123   1060111711922224211165112511223112224255331112331
211100850410000170000094 123   1081017177999999115777710500223222224000030020022
211100956200600162400054 112   4300517777442333311166151511224211224054222414411
211101045240003000000111 111   4290200000499999515777771515224112224244344242422
211101154100000150000273 112   1341000000000000311565167000123111225255121215422
211101237430000170000104 120   1411011177000000115777700000324422415244114324524
211101342430000170000101 125   3121011777000000115777716501333222324455433333332
211101441250600001900002 112   1020055777000000425777710077333022345404124544435
211101530200000130000031 136   2060200000000000135777718510333414445454205405502
211101638100004000011001 137   3060117717000000121165193099223122324344223233324
211101737200000150000124 125   3180317117000000111165115002225212424455332212533
211101837200004000012001 136   2180215111000000131166190000005213305134331333322
211101953490002000004183 137   3060500000000000231166118500224111134244223323333
211102044110000150000071 124   1840700000000000000000000000224551425355332212242
211102147230600002400002 211   3180277777000000321166110000334222221344125244444
211102237130004000010001 211   3240217111000000411165618100224111125244225144424
211102343400004000013004 231   2060100000000000125777790050993332224244223334533
211102442100002000017004 223   2120100000000000425777700010999333333433223333544
211102529100005000006001 223   2180217717000000111166100010234211245244222335452
211102634400004000010001 212   2120100000000000000000000000334333324344124333342
