2211027574 0010000018187 100   44318                                            
2211028524 0003180006156 100   41217                                            
2211029582 0601002607005 110   02907                                            
2211030491 0000150000101 111   11010                                            
2211031000 0300000000001 111   10000                                            
2211032000 0300000000001 111   10000                                            
2211033000 0400000000001 111   10000                                            
2211034000 0600000000001 111   10000                                            
2211035000 0000000000001 111   10000                                            
2211036000 0300000000001 111   10000                                            
2211037000 0000000000001 111   10000                                            
2211038000 0500000000001 111   00000                                            
2211039000 0600000000001 112   20000                                            
2211040560 0000150004031 112   20007                                            
2211041000 0600000000002 112   20000                                            
2211042312 0000120000021 112   12002                                            
2211043000 0500000000002 112   10000                                            
2211044000 0600000000002 112   70000                                            
2211045000 0600000000001 112   70000                                            
2211046000 0500000000001 112   70000                                            
2211047000 0500000000001 112   70000                                            
2211048402 0000140000031 112   73903                                            
2211049421 0000140008071 112   70008                                            
2211050482 0000000000256 120   14325                                            
2211051492 0001000008155 120   19912                                            
2211052304 0000130000031 120   03003                                            
2211053592 0602003007001 120   08407                                            
2211054504 0000000000001 120   02102                                            
2211055294 0000130000021 123   12102                                            
2211056364 0000150000051 123   16405                                            
2211057424 0000000000031 124   13103                                            
2211058520 0003000005001 124   15805                                            
2211059572 0600152800061 124   17206                                            
2211060314 0000130000021 125   32202                                            
2211061304 0000130000021 125   31802                                            
2211062521 0001000025026 130   44605                                            
2211063542 0001000028034 136   24504                                            
2211064382 0004000009001 136   21201                                            
2211065422 0004000007001 136   24204                                            
2211066281 0006000007001 136   20601                                            
2211067430 0002000007004 137   30007                                            
2211068402 0004000012001 137   30901                                            
2211069000 0000000000001 137   30000                                            
2211070411 0003000017001 137   31001                                            
2211071573 0001000002025 137   31902                                            
2211072421 0002000017001 137   30000                                            
2211073651 0001000037008 200   10201                                            
2211074521 0001000025005 223   24804                                            
2211076482 0001000024007 230   20201                                            
2211077522 0001000017067 210   44223                                            
2211078434 0001000012046 210   13016                                            
2211079422 0001000014006 210   44208                                            
2211080651 0001000042006 210   20204                                            
2211081534 0002000018024 212   10212                                            
2211082413 0004000012032 212   12211                                            
2211083323 0005000009001 212   12802                                            
2211084542 0001000016101 212   10201                                            
2211085311 0000050007001 212   10801                                            
2211086452 0002000017044 211   32803                                            
2211087470 0001000007085 214   14104                                            
2211088314 0003000002001 214   11403                                            
2211089391 0004000009001 214   20503                                            
